55 6 175 25 6交通银行 [211.40462427745663, 197.78420038535646, 184.9267822736031]
198 8 611 23 [UAT】代客衍生品及对公外汇理财一交易明..（06100034)[FDASFX0003] [35.96657115568291, 14.98567335243553, 2.226361031518625]
889 6 1356 25 300M待972逾324国女15:001682 [7.453488372093023, 6.8023255813953485, 4.104651162790698]
193 61 411 79 外汇产品统计分析>交易明细情况查询 [66.17821782178218, 65.99009900990099, 65.39603960396039]
264 124 326 144 分行名称： [68.09375, 63.4375, 62.46875]
732 128 788 144 交易市种： [47.5, 41.75, 43.5]
245 168 323 183 总分平盘编号： [65.81132075471699, 61.056603773584904, 56.735849056603776]
697 168 788 183 客户委托书编号： [65.01639344262296, 59.60655737704918, 56.39344262295082]
256 206 326 226 *产品类型： [68.5, 62.148148148148145, 74.05555555555556]
344 206 412 226 结构性存款 [58.0, 56.21052631578947, 57.63157894736842]
737 206 795 226 产品名称： [65.10714285714286, 61.5, 60.535714285714285]
282 248 326 264 成交日： [104.50065359477125, 101.44575163398693, 99.41960784313726]
470 243 504 265 国 [139.60621118012423, 134.8745341614907, 132.4422360248447]
499 248 520 262 至 [54.75, 56.75, 54.375]
744 248 788 264 起息日： [100.92287581699347, 97.84313725490196, 96.0875816993464]
934 247 981 262 通至 [73.53846153846153, 68.3076923076923, 64.03846153846153]
256 286 326 306 预期到期日： [58.64705882352941, 56.529411764705884, 51.94117647058823]
503 289 519 300 至 [97.42156862745098, 94.87254901960785, 93.72058823529413]
721 289 786 305 实际到期日： [42.0, 45.0, 46.0]
667 327 697 344 查询 [78.99283154121864, 108.67204301075269, 130.88530465949822]
737 327 765 344 重置 [114.9214559386973, 96.06896551724138, 72.30651340996168]
226 385 260 406 导出 [65.6012987012987, 109.69090909090909, 147.3012987012987]
198 430 236 446 序号 [124.60482654600301, 108.05279034690798, 83.65761689291101]
237 430 314 446 总分平盘编号 [131.87254901960785, 110.92760180995475, 79.83861236802413]
330 430 418 446 客户委托书编号 [132.95703899537344, 111.35161929940514, 79.29345670852611]
434 427 476 447 客户号 [141.15503875968994, 122.73864894795126, 95.6467331118494]
502 430 552 446 客户名称 [126.09227220299884, 105.15916955017302, 76.31603229527104]
578 425 635 450 交易币种 [139.131299734748, 120.89655172413792, 95.38063660477454]
658 424 714 449 交易金额 [137.40958164642376, 118.37989203778677, 91.89811066126855]
739 427 795 447 折合美元 [147.32748538011697, 126.61654135338345, 97.73684210526315]
816 430 901 446 折合人民币金额 [133.6997264021888, 112.7872777017784, 82.61969904240766]
921 430 963 446 成交日 [123.17236662106701, 105.04787961696307, 77.34336525307798]
980 427 1022 447 起息日 [140.09745293466224, 120.0609080841639, 91.12403100775194]
1038 430 1101 446 预期到期日 [128.38694852941177, 104.05514705882354, 70.59191176470588]
1122 430 1172 446 分行名称 [126.67589388696655, 107.37600922722031, 78.55709342560554]
212 688 316 704 共0条每页显示 [57.5, 47.916666666666664, 40.333333333333336]
311 688 337 704 10 [108.640522875817, 109.80392156862746, 109.5925925925926]
472 689 485 701 1 [54.0, 54.0, 54.0]
500 685 584 705 页/共1页 [72.7843137254902, 64.94117647058823, 57.03921568627451]
641 688 660 706 C [95.24473684210527, 91.6921052631579, 86.48157894736842]
17 736 228 756 用户名：国际部上海市测试84[已签到】 [28.571428571428573, 9.993506493506494, 2.727272727272727]
289 736 388 751 用户号：3301614 [23.516129032258064, 6.225806451612903, 2.161290322580645]
559 736 682 756 机构名称：国际业务部 [28.21698113207547, 11.31132075471698, 3.4716981132075473]
829 736 971 754 机构代码：01310600999 [24.142857142857142, 7.114285714285714, 1.6]
1099 736 1236 754 会计日期：2069-04-05 [15.666666666666666, 4.0, 1.6666666666666667]
