21 2 171 41 白交通银行 [118.85507246376811, 77.65010351966873, 46.66459627329193]
1777 8 1850 36 口共享 [239.0078277886497, 226.76125244618396, 207.46771037181995]
867 12 1037 32 Q搜索交通银行电子看板 [87.6842105263158, 87.6842105263158, 87.6842105263158]
1567 12 1682 34 我的画昆 [100.85714285714286, 101.46428571428571, 101.42857142857143]
77 55 184 83 2022年09月 [53.53781512605042, 51.67226890756302, 50.38655462184874]
293 54 482 79 本周工作量： 正常 21 h / 加班 0 h [21.25, 19.786585365853657, 21.628048780487806]
1037 57 1275 77 2022年09月11日－2022年09月17日 [23.543157894736844, 21.766315789473683, 21.835789473684212]
1791 57 1870 79 日志统计 [68.73188405797102, 56.992753623188406, 42.77536231884058]
10 95 28 117 日 [110.66132723112129, 110.92219679633868, 110.61556064073227]
163 97 180 115 四 [94.04385964912281, 92.51754385964912, 94.19298245614036]
196 95 216 115 五 [111.62358276643991, 110.81632653061226, 111.34920634920636]
355 101 430 121 周日09/11 [128.468671679198, 148.76315789473685, 160.3796992481203]
589 101 664 121 周09/12 [131.55701754385964, 150.6547619047619, 160.6954887218045]
821 101 898 123 周二09/13 [26.640287769784173, 26.489208633093526, 25.453237410071942]
1053 101 1132 121 周三09/14 [21.1156462585034, 21.156462585034014, 22.91156462585034]
1287 101 1365 123 周四09/15 [27.352941176470587, 24.54248366013072, 26.03921568627451]
1519 101 1597 123 周五09/16 [158.60319207484864, 158.60319207484864, 158.60319207484864]
1753 101 1831 121 周六09/17 [147.00904159132008, 159.30801687763713, 164.42374924653407]
364 143 419 172 加班0h [132.20416666666668, 146.6970238095238, 155.6940476190476]
603 152 649 168 加班0h [106.71839799749688, 124.77972465581976, 136.71839799749685]
805 147 912 168 正常 7 h / 加班 0 h [26.163522012578618, 26.9748427672956, 25.855345911949687]
1037 149 1146 170 正常 7 h / 加班 0 h [27.565217391304348, 27.53416149068323, 26.080745341614907]
1458 166 1513 188 日志填写 [9.105263157894736, 9.105263157894736, 9.105263157894736]
87 204 105 222 13 [52.6, 35.0, 22.4]
157 200 184 228 15 [241.23225806451612, 228.93548387096774, 215.06774193548387]
200 204 216 222 16 [91.88235294117646, 87.79256965944272, 79.98142414860682]
760 208 869 228 Task05084385 [92.9421768707483, 53.35374149659864, 22.979591836734695]
992 208 1105 228 BSSP00441513 [99.50714285714285, 51.46785714285714, 23.896428571428572]
1226 208 1337 230 BSSP00441513 [95.12244897959184, 55.816326530612244, 23.79591836734694]
1348 208 1426 237 钰机陈钰帆 [92.65591397849462, 43.653225806451616, 10.811827956989248]
1515 208 1607 235 2022-09-15V [88.91111111111111, 88.91111111111111, 88.91111111111111]
758 232 954 259 RMP20220016789_编码-RM [29.1025, 29.21, 27.575]
992 232 1182 257 RMP20220016789_测试支持 [28.071065989847718, 25.68274111675127, 25.032994923857867]
1228 234 1335 257 RMP202200167 [35.6025641025641, 35.034188034188034, 33.85042735042735]
12 246 32 263 18 [99.42592592592592, 108.77777777777777, 114.16137566137566]
48 244 67 263 19 [105.9325, 108.1825, 107.15]
85 244 105 263 20 [106.5, 106.30952380952381, 106.43571428571428]
123 244 141 263 21 [105.29473684210527, 106.09473684210528, 104.77894736842106]
159 244 180 263 22 [110.08636363636363, 110.52727272727273, 110.87045454545455]
198 244 216 261 23 [95.14327485380117, 95.46198830409357, 95.45906432748538]
242 248 252 259 4 [80.9090909090909, 94.45454545454545, 102.79545454545455]
758 257 865 279 P20220016789 [31.375, 30.11111111111111, 29.84259259259259]
1351 248 1420 271 *选择任务 [44.82539682539682, 45.214285714285715, 47.57936507936508]
992 261 1107 281 7h/0h/25% [162.0016420361248, 162.14203612479474, 162.3173234811166]
1224 256 1337 281 @7h/0h/50% [154.78238866396762, 155.71120107962213, 155.05769230769232]
10 285 30 303 25 [103.75939849624059, 114.01002506265664, 118.39097744360903]
44 281 71 305 26 [110.37857142857143, 111.28571428571429, 110.24285714285713]
83 283 105 303 27 [118.91511387163561, 119.12422360248448, 119.13043478260869]
123 283 143 303 28 [108.84807256235828, 109.81859410430839, 108.43083900226759]
198 283 216 301 30 [99.53739612188365, 100.04709141274238, 100.18559556786704]
760 283 881 303 ①7h/0h/100% [163.2935206869633, 163.2935206869633, 163.2935206869633]
1017 293 1061 317 编辑 [68.82758620689656, 48.43103448275862, 27.0]
1355 285 1434 305 请选择任务 [155.2, 154.36071428571427, 154.36071428571427]
785 315 829 337 编辑 [145.6657004830918, 145.6657004830918, 145.6657004830918]
1349 329 1438 351 *常规工时(h) [48.11206896551724, 46.439655172413794, 49.81896551724138]
1489 329 1567 351 加班工时(h) [43.6, 43.6, 43.6]
1351 366 1434 386 请输入工时 [157.4143990929705, 157.4143990929705, 157.4143990929705]
1493 366 1575 386 请输入工时 [156.97016637980494, 156.97016637980494, 156.97016637980494]
101 376 165 398 返回本周 [65.171875, 51.5390625, 36.5625]
1351 410 1456 430 *完成百分比(%) [43.92700729927007, 43.67153284671533, 45.07299270072993]
12 432 75 455 名称/编号 [84.04166666666667, 86.06944444444444, 84.27777777777777]
115 436 159 452 请输入 [127.4640522875817, 127.4640522875817, 127.4640522875817]
234 432 256 452 Q [125.89233954451345, 125.89233954451345, 125.89233954451345]
1351 444 1476 467 情输入完成百分比 [90.32558139534883, 75.67441860465117, 66.65116279069767]
6 495 115 517 BSSP00411124 [96.43197278911565, 55.625850340136054, 25.84013605442177]
190 493 250 513 26h / 40h [154.0327868852459, 154.0327868852459, 154.0327868852459]
1347 489 1382 513 备注 [39.523809523809526, 39.523809523809526, 39.523809523809526]
337 500 443 544 节假日 [140.8288681204569, 155.6263759086189, 164.54164070612669]
571 505 676 541 节假日 [141.42503824579296, 157.1942886282509, 166.67159612442632]
4 523 196 543 RMP20220014369测试支持 [27.984924623115578, 25.56281407035176, 25.64572864321608]
1357 523 1422 545 备注说明 [158.48089591567853, 158.48089591567853, 158.48089591567853]
8 545 149 560 2022.08.18~2022.09.15 [171.54269366197184, 171.99735915492957, 171.99735915492957]
6 590 115 612 BSSP00426980 [92.92447129909365, 56.22658610271903, 28.83383685800604]
200 594 250 612 7h/30h [144.6501547987616, 144.6501547987616, 144.6501547987616]
2 618 198 644 RMP20220015977_测试支持 [29.74567901234568, 27.81975308641975, 27.866666666666667]
1505 618 1543 640 取消 [79.3, 79.3, 79.3]
1555 614 1618 642 提交 [230.273631840796, 208.5771144278607, 182.15422885572139]
6 640 153 661 2022.08.302022.09.28 [167.76382063882065, 167.74447174447175, 167.76996314496316]
6 691 117 713 BSSP00441513 [95.17006802721089, 54.79931972789116, 24.989795918367346]
192 689 250 709 14h/30h [154.45036319612592, 154.45036319612592, 154.45036319612592]
4 719 196 739 RMP20220016789测试支持 [28.096534653465348, 27.527227722772277, 26.730198019801982]
6 790 113 812 Task05070713 [91.7717041800643, 55.353697749196144, 28.839228295819936]
196 786 252 808 28h /7h [160.64836003051104, 160.64836003051104, 160.64836003051104]
4 814 169 838 RMP20220016423编码 [22.51671732522796, 21.641337386018236, 20.908814589665653]
97 867 167 889 十添加任务 [72.34862385321101, 53.477064220183486, 36.44954128440367]
