1 0.217642 0.111955 0.041816 0.027540
1 0.559339 0.110896 0.044205 0.025421
1 0.579052 0.164917 0.043011 0.031777
1 0.218837 0.163857 0.046595 0.029658
1 0.251693 0.340748 0.033453 0.027540
1 0.325169 0.342866 0.039427 0.027540
1 0.398646 0.341807 0.035842 0.025421
1 0.472720 0.339689 0.040621 0.025421
1 0.545002 0.341807 0.032258 0.021184
1 0.620271 0.340748 0.039427 0.027540
1 0.693747 0.340748 0.057348 0.027540
1 0.766627 0.340748 0.045400 0.023303
1 0.179411 0.340748 0.041816 0.027540
1 0.840303 0.339689 0.026284 0.025421
1 0.553564 0.215759 0.023895 0.027540
5 0.677220 0.162798 0.137395 0.048724
5 0.654520 0.109090 0.132616 0.047231
5 0.314563 0.112079 0.132994 0.046829
4 0.323995 0.162253 0.153745 0.046829
3 0.392662 0.109603 0.018298 0.025152
3 0.731581 0.110881 0.016726 0.025421