1 0.277089 0.099209 0.281224 0.039254
1 0.157155 0.145823 0.046871 0.034347
1 0.241935 0.209610 0.051006 0.029440
1 0.234353 0.254997 0.060656 0.036800
1 0.576234 0.205930 0.066170 0.036800
1 0.575545 0.259903 0.064792 0.026987
1 0.586088 0.302584 0.043807 0.024806
1 0.583599 0.345995 0.046794 0.023034
1 0.583599 0.392949 0.046794 0.031894
1 0.576132 0.442561 0.059737 0.021262
1 0.571154 0.490402 0.073676 0.038981
1 0.569660 0.536470 0.074671 0.038981
1 0.586088 0.586968 0.041816 0.026578
1 0.587249 0.633923 0.040820 0.024806
1 0.581774 0.677333 0.053763 0.030122
1 0.584263 0.723402 0.044803 0.026578
1 0.575302 0.769470 0.062724 0.030122
1 0.581774 0.818197 0.049781 0.021262
1 0.240542 0.303920 0.043011 0.027641
1 0.240542 0.349634 0.043011 0.025515
1 0.221426 0.395349 0.090800 0.031894
1 0.230386 0.444252 0.063321 0.027641
1 0.226802 0.537807 0.072879 0.031894
1 0.233373 0.488903 0.057348 0.040399
1 0.237555 0.586710 0.044205 0.023389
1 0.248905 0.630298 0.026284 0.025515
1 0.226802 0.676012 0.070490 0.027641
1 0.233373 0.725979 0.059737 0.025515
1 0.229192 0.773819 0.058542 0.023389
1 0.232046 0.820596 0.064251 0.023389
1 0.237289 0.865151 0.049781 0.023034
1 0.382716 0.908835 0.413381 0.029767
3 0.484269 0.300731 0.014337 0.029767
3 0.827887 0.298808 0.021084 0.028141
4 0.722468 0.348524 0.223487 0.045026
4 0.724992 0.206977 0.224829 0.043491
4 0.724543 0.253641 0.221257 0.046614
4 0.722590 0.393482 0.222866 0.041707
4 0.651250 0.675822 0.072374 0.042934
4 0.723968 0.724889 0.224704 0.045387
4 0.722590 0.769663 0.224704 0.041707
4 0.722934 0.819343 0.224014 0.045387
4 0.304889 0.675413 0.074442 0.042934
4 0.381399 0.723254 0.223325 0.045387
4 0.377263 0.770481 0.223325 0.044160
4 0.377263 0.817708 0.223325 0.045387
4 0.376918 0.864935 0.224014 0.041707
4 0.380709 0.630026 0.220568 0.042934
4 0.376918 0.582799 0.224014 0.044160
4 0.380020 0.207437 0.224704 0.044160
4 0.378642 0.254050 0.223325 0.044160
4 0.377263 0.346664 0.221947 0.042934
4 0.382433 0.394505 0.225393 0.047840
5 0.376918 0.441732 0.224014 0.046614
5 0.370715 0.488959 0.207472 0.040480
5 0.370026 0.534959 0.206093 0.041707
5 0.369681 0.299437 0.202647 0.041707
5 0.415633 0.676640 0.148883 0.042934
5 0.714433 0.299642 0.204715 0.042934
5 0.722360 0.441936 0.221947 0.042934
5 0.715123 0.489163 0.206093 0.044160
5 0.715467 0.535164 0.206782 0.040480
5 0.715467 0.583617 0.206782 0.044160
5 0.714433 0.630231 0.206093 0.044160
5 0.761764 0.676845 0.148194 0.041707