1 0.218681 0.111251 0.047363 0.027237
1 0.556622 0.113521 0.044803 0.031777
1 0.579024 0.166861 0.043523 0.024967
1 0.218681 0.161186 0.042243 0.027237
1 0.553422 0.217930 0.023041 0.022698
1 0.694146 0.339769 0.053763 0.030188
1 0.619325 0.342153 0.042115 0.028599
1 0.545400 0.342153 0.030466 0.022244
1 0.472820 0.340564 0.037634 0.019066
1 0.398447 0.342947 0.032258 0.023833
1 0.324970 0.339769 0.041219 0.023833
1 0.251493 0.342153 0.032258 0.022244
1 0.178763 0.343212 0.038530 0.022244
1 0.766428 0.341888 0.039427 0.027010
1 0.840352 0.341888 0.022401 0.023833
2 0.176075 0.287338 0.076165 0.042899
2 0.259409 0.287338 0.074373 0.042899
2 0.502688 0.212662 0.078853 0.039721
5 0.315412 0.109388 0.132616 0.049254
5 0.655914 0.107799 0.130824 0.049254
5 0.678315 0.163408 0.136201 0.046076
3 0.732975 0.109388 0.017921 0.030188
3 0.392025 0.109388 0.015233 0.030188
4 0.324821 0.163673 0.149642 0.044487