1 0.497312 0.085197 0.072965 0.038687
1 0.200295 0.148874 0.054818 0.020615
1 0.203985 0.196664 0.043222 0.026237
1 0.210837 0.244454 0.033734 0.024363
1 0.204512 0.290369 0.042167 0.026237
1 0.210310 0.337222 0.030571 0.022489
1 0.163399 0.384075 0.056926 0.026237
1 0.205566 0.429053 0.042167 0.026237
1 0.206620 0.474969 0.040059 0.020615
1 0.197133 0.522759 0.059034 0.018741
1 0.160236 0.575234 0.071685 0.033734
1 0.158655 0.619275 0.076956 0.031860
1 0.156546 0.665191 0.079064 0.029986
1 0.188699 0.705484 0.073793 0.020615
1 0.190808 0.753274 0.069576 0.022489
1 0.195551 0.799189 0.064305 0.020615
1 0.208729 0.846042 0.040059 0.020615
1 0.578748 0.196664 0.054818 0.022489
1 0.583491 0.244454 0.045330 0.016867
1 0.592452 0.289432 0.029517 0.020615
1 0.585073 0.336285 0.048493 0.020615
1 0.588235 0.474969 0.037951 0.020615
1 0.577166 0.527444 0.068522 0.031860
1 0.537107 0.573360 0.079064 0.029986
1 0.539743 0.619275 0.075901 0.031860
1 0.552393 0.660506 0.048493 0.016867
1 0.590871 0.752337 0.034788 0.020615
1 0.252477 0.848853 0.043222 0.018741
2 0.559655 0.946116 0.107293 0.033352
2 0.750580 0.345656 0.054818 0.031860
2 0.418468 0.947304 0.063339 0.031860
2 0.476777 0.946640 0.056004 0.033187
5 0.285743 0.157446 0.107527 0.031860
5 0.284623 0.298160 0.106780 0.034515
5 0.285743 0.343959 0.107527 0.030532
5 0.250647 0.391085 0.107527 0.034515
5 0.287983 0.437547 0.109020 0.031860
5 0.286116 0.482682 0.106780 0.034515
5 0.284996 0.529808 0.109020 0.038497
5 0.285743 0.576270 0.109020 0.033187
5 0.285120 0.622953 0.108274 0.037170
5 0.285494 0.668088 0.109020 0.031860
5 0.667563 0.250149 0.110514 0.035842
5 0.668309 0.295948 0.110514 0.034515
5 0.667563 0.343738 0.109020 0.034515
5 0.659722 0.481797 0.094833 0.031860
5 0.666816 0.529586 0.109020 0.034515
5 0.666443 0.575385 0.108274 0.035842
5 0.666443 0.621847 0.108274 0.035842
5 0.666069 0.667646 0.107527 0.034515
4 0.666069 0.760791 0.110514 0.035842
4 0.667314 0.202360 0.109020 0.033187
4 0.287610 0.714329 0.106780 0.030532
4 0.286116 0.760128 0.108274 0.031860
4 0.285743 0.808581 0.107527 0.033187
4 0.285120 0.251352 0.108274 0.033436
0 0.272053 0.197713 0.079152 0.021240
0 0.258562 0.222421 0.055556 0.018054
3 0.714456 0.482787 0.011947 0.021240