1 0.223561 0.091363 0.171584 0.022781
1 0.215054 0.176288 0.044803 0.027907
1 0.208333 0.229112 0.060484 0.029900
1 0.216734 0.281935 0.048163 0.027907
1 0.218974 0.333762 0.039203 0.027907
1 0.213374 0.386586 0.052643 0.033887
1 0.554996 0.176288 0.043683 0.031894
1 0.543235 0.231105 0.071685 0.021927
1 0.558916 0.282932 0.042563 0.029900
1 0.559476 0.335756 0.036962 0.023920
1 0.552195 0.387583 0.051523 0.031894
1 0.551075 0.437416 0.022401 0.027907
1 0.152890 0.571967 0.030242 0.025914
1 0.201053 0.571967 0.057124 0.029900
1 0.274978 0.570971 0.063844 0.023920
1 0.334341 0.572964 0.030242 0.023920
1 0.386425 0.572964 0.038082 0.027907
1 0.444108 0.570971 0.041443 0.023920
1 0.503472 0.572964 0.041443 0.023920
1 0.561716 0.571967 0.041443 0.029900
1 0.630040 0.570971 0.066084 0.031894
1 0.691084 0.570971 0.029122 0.023920
1 0.733647 0.569974 0.029122 0.025914
1 0.784610 0.568977 0.045923 0.027907
1 0.841174 0.571967 0.038082 0.025914
1 0.712366 0.330772 0.017921 0.025914
1 0.712926 0.381603 0.016801 0.035880
1 0.375784 0.327450 0.014561 0.036545
1 0.374664 0.383596 0.021281 0.031894
2 0.176411 0.514160 0.079525 0.045847
2 0.498992 0.437416 0.079525 0.047840
5 0.662522 0.228447 0.148970 0.041860
5 0.322021 0.228447 0.153450 0.049834
5 0.292899 0.382932 0.090726 0.043854
5 0.435708 0.330108 0.094086 0.045847
5 0.435708 0.381935 0.096326 0.049834
5 0.294019 0.331105 0.095206 0.043854
5 0.632841 0.333098 0.096326 0.047840
5 0.635081 0.383928 0.098566 0.049834
5 0.775276 0.330440 0.090726 0.047840
5 0.775836 0.383264 0.094086 0.049834
3 0.834080 0.330440 0.017921 0.031894
3 0.834113 0.382868 0.019480 0.024960
3 0.494779 0.332948 0.017142 0.030507
3 0.494779 0.382868 0.017142 0.027734
3 0.691133 0.384255 0.014025 0.030507
3 0.692243 0.333403 0.016246 0.032370
3 0.354275 0.332115 0.014934 0.031894
3 0.353777 0.384945 0.011947 0.032546
4 0.324338 0.175871 0.153911 0.048673
4 0.662731 0.174048 0.151803 0.052531
4 0.666421 0.278171 0.154965 0.050654
4 0.324338 0.279109 0.153911 0.048778